    5.925925925925925E-004
    1.185185185185185E-003
    1.185185185185185E-003
    1.185185185185185E-003
1.185185185185185E-003
1.185185185185185E-003
1.185185185185185E-003
1.185185185185185E-003
2.370370370370370E-003
4.740740740740740E-003
4.740740740740740E-003
4.740740740740740E-003
4.740740740740740E-003
4.740740740740740E-003
4.740740740740740E-003
4.740740740740740E-003
2.370370370370370E-003
4.740740740740740E-003
4.740740740740740E-003
4.740740740740740E-003
4.740740740740740E-003
4.740740740740740E-003
4.740740740740740E-003
4.740740740740740E-003
2.370370370370370E-003
4.740740740740740E-003
4.740740740740740E-003
4.740740740740740E-003
4.740740740740740E-003
4.740740740740740E-003
4.740740740740740E-003
4.740740740740740E-003
2.370370370370370E-003
4.740740740740740E-003
4.740740740740740E-003
4.740740740740740E-003
4.740740740740740E-003
4.740740740740740E-003
4.740740740740740E-003
4.740740740740740E-003
2.370370370370370E-003
4.740740740740740E-003
4.740740740740740E-003
4.740740740740740E-003
4.740740740740740E-003
4.740740740740740E-003
4.740740740740740E-003
4.740740740740740E-003
2.370370370370370E-003
4.740740740740740E-003
4.740740740740740E-003
4.740740740740740E-003
4.740740740740740E-003
4.740740740740740E-003
4.740740740740740E-003
4.740740740740740E-003
2.370370370370370E-003
4.740740740740740E-003
4.740740740740740E-003
4.740740740740740E-003
4.740740740740740E-003
4.740740740740740E-003
4.740740740740740E-003
4.740740740740740E-003
2.370370370370370E-003
4.740740740740740E-003
4.740740740740740E-003
4.740740740740740E-003
4.740740740740740E-003
4.740740740740740E-003
4.740740740740740E-003
4.740740740740740E-003
4.740740740740740E-003
9.481481481481480E-003
9.481481481481480E-003
9.481481481481480E-003
9.481481481481480E-003
9.481481481481480E-003
9.481481481481480E-003
9.481481481481480E-003
4.740740740740740E-003
9.481481481481480E-003
9.481481481481480E-003
9.481481481481480E-003
9.481481481481480E-003
9.481481481481480E-003
9.481481481481480E-003
9.481481481481480E-003
4.740740740740740E-003
9.481481481481480E-003
9.481481481481480E-003
9.481481481481480E-003
9.481481481481480E-003
9.481481481481480E-003
9.481481481481480E-003
9.481481481481480E-003
4.740740740740740E-003
9.481481481481480E-003
9.481481481481480E-003
9.481481481481480E-003
9.481481481481480E-003
9.481481481481480E-003
9.481481481481480E-003
9.481481481481480E-003
4.740740740740740E-003
9.481481481481480E-003
9.481481481481480E-003
9.481481481481480E-003
9.481481481481480E-003
9.481481481481480E-003
9.481481481481480E-003
9.481481481481480E-003
4.740740740740740E-003
9.481481481481480E-003
9.481481481481480E-003
9.481481481481480E-003
9.481481481481480E-003
9.481481481481480E-003
9.481481481481480E-003
9.481481481481480E-003
2.370370370370370E-003
4.740740740740740E-003
4.740740740740740E-003
4.740740740740740E-003
4.740740740740740E-003
4.740740740740740E-003
4.740740740740740E-003
4.740740740740740E-003
4.740740740740740E-003
9.481481481481480E-003
9.481481481481480E-003
9.481481481481480E-003
9.481481481481480E-003
9.481481481481480E-003
9.481481481481480E-003
9.481481481481480E-003
4.740740740740740E-003
9.481481481481480E-003
9.481481481481480E-003
9.481481481481480E-003
9.481481481481480E-003
9.481481481481480E-003
9.481481481481480E-003
9.481481481481480E-003
4.740740740740740E-003
9.481481481481480E-003
9.481481481481480E-003
9.481481481481480E-003
9.481481481481480E-003
9.481481481481480E-003
9.481481481481480E-003
9.481481481481480E-003
4.740740740740740E-003
9.481481481481480E-003
9.481481481481480E-003
9.481481481481480E-003
9.481481481481480E-003
9.481481481481480E-003
9.481481481481480E-003
9.481481481481480E-003
4.740740740740740E-003
9.481481481481480E-003
9.481481481481480E-003
9.481481481481480E-003
9.481481481481480E-003
9.481481481481480E-003
9.481481481481480E-003
9.481481481481480E-003
2.370370370370370E-003
4.740740740740740E-003
4.740740740740740E-003
4.740740740740740E-003
4.740740740740740E-003
4.740740740740740E-003
4.740740740740740E-003
4.740740740740740E-003
4.740740740740740E-003
9.481481481481480E-003
9.481481481481480E-003
9.481481481481480E-003
9.481481481481480E-003
9.481481481481480E-003
9.481481481481480E-003
9.481481481481480E-003
4.740740740740740E-003
9.481481481481480E-003
9.481481481481480E-003
9.481481481481480E-003
9.481481481481480E-003
9.481481481481480E-003
9.481481481481480E-003
9.481481481481480E-003
4.740740740740740E-003
9.481481481481480E-003
9.481481481481480E-003
9.481481481481480E-003
9.481481481481480E-003
9.481481481481480E-003
9.481481481481480E-003
9.481481481481480E-003
4.740740740740740E-003
9.481481481481480E-003
9.481481481481480E-003
9.481481481481480E-003
9.481481481481480E-003
9.481481481481480E-003
9.481481481481480E-003
9.481481481481480E-003
2.370370370370370E-003
4.740740740740740E-003
4.740740740740740E-003
4.740740740740740E-003
4.740740740740740E-003
4.740740740740740E-003
4.740740740740740E-003
4.740740740740740E-003
4.740740740740740E-003
9.481481481481480E-003
9.481481481481480E-003
9.481481481481480E-003
9.481481481481480E-003
9.481481481481480E-003
9.481481481481480E-003
9.481481481481480E-003
4.740740740740740E-003
9.481481481481480E-003
9.481481481481480E-003
9.481481481481480E-003
9.481481481481480E-003
9.481481481481480E-003
9.481481481481480E-003
9.481481481481480E-003
4.740740740740740E-003
9.481481481481480E-003
9.481481481481480E-003
9.481481481481480E-003
9.481481481481480E-003
9.481481481481480E-003
9.481481481481480E-003
9.481481481481480E-003
2.370370370370370E-003
4.740740740740740E-003
4.740740740740740E-003
4.740740740740740E-003
4.740740740740740E-003
4.740740740740740E-003
4.740740740740740E-003
4.740740740740740E-003
4.740740740740740E-003
9.481481481481480E-003
9.481481481481480E-003
9.481481481481480E-003
9.481481481481480E-003
9.481481481481480E-003
9.481481481481480E-003
9.481481481481480E-003
4.740740740740740E-003
9.481481481481480E-003
9.481481481481480E-003
9.481481481481480E-003
9.481481481481480E-003
9.481481481481480E-003
9.481481481481480E-003
9.481481481481480E-003
2.370370370370370E-003
4.740740740740740E-003
4.740740740740740E-003
4.740740740740740E-003
4.740740740740740E-003
4.740740740740740E-003
4.740740740740740E-003
4.740740740740740E-003
4.740740740740740E-003
9.481481481481480E-003
9.481481481481480E-003
9.481481481481480E-003
9.481481481481480E-003
9.481481481481480E-003
9.481481481481480E-003
9.481481481481480E-003
2.370370370370370E-003
4.740740740740740E-003
4.740740740740740E-003
4.740740740740740E-003
4.740740740740740E-003
    4.740740740740740E-003
    4.740740740740740E-003
    4.740740740740740E-003
