  -11.0112627111889     
  -10.3335408302219     
   1.29101555291652     
   1.29101680986426     
   1.33121034564037     
   1.42509207825038     
   1.47599492104019     
   1.47599569194345     
   2.39577681425884     
   2.39577789720893     
   2.59281601496391     
   2.59281740478655     
   2.85926180058464     
   6.09688929932638     
   6.09689124562423     
   6.77612716240278     
   6.85718574401199     
   6.85718692538180     
   7.60533290065154     
   11.9944879046527     
   14.9510037906361     
   19.6498200880110     
  -10.9867726313314     
  -10.3606809701511     
   1.29472275093284     
   1.29472398843355     
   1.30446660727162     
   1.34686829916192     
   1.46515085460726     
   1.46515164493026     
   2.40604772976048     
   2.40604882574011     
   2.58854129547315     
   2.58854267222550     
   3.04267461191516     
   6.12642687357327     
   6.12642879125930     
   6.40339720714818     
   6.82891027877157     
   6.82891148901791     
   8.02677587047051     
   11.8593084592331     
   15.0724501721281     
   19.6520756486800     
  -10.9164749457485     
  -10.4373739563188     
   1.20997962519291     
   1.23628435678643     
   1.30673910835257     
   1.30674029214010     
   1.43634985235155     
   1.43635069728963     
   2.43421274006216     
   2.43421387175966     
   2.57453795712453     
   2.57453929850444     
   3.48264592830420     
   5.82290222636039     
   6.21031811613492     
   6.21031995163070     
   6.74813403708407     
   6.74813533369042     
   8.73628886047579     
   11.4823303956374     
   15.4279111378815     
   18.9961550052616     
  -10.8097193128784     
  -10.5504960840171     
   1.12136048151870     
   1.15817780838504     
   1.32845755543065     
   1.32845866142715     
   1.39821903864745     
   1.39821996288935     
   2.47331457404003     
   2.47331575577747     
   2.54961900293487     
   2.54962029547801     
   4.03711239013414     
   5.22898716744605     
   6.33533440669824     
   6.33533612025053     
   6.62654975013432     
   6.62655117240350     
   9.49582105765979     
   10.9231852862413     
   16.0083439278099     
   17.8303173066385     
  -10.6814424701567     
  -10.6814246846315     
   1.10881149587854     
   1.10881817443371     
   1.35993619664047     
   1.35993697226615     
   1.35993706742197     
   1.35993813564219     
   2.51427134262542     
   2.51427251967495     
   2.51427715009866     
   2.51427845047437     
   4.63061713966097     
   4.63062295220597     
   6.48164002217307     
   6.48164090604777     
   6.48165067106679     
   6.48165298078447     
   10.2424234818512     
   10.2424244694388     
   16.8134334995281     
   16.8134352107043     
  -10.9310441596033     
  -10.2980405203635     
   1.20648248588060     
   1.33737687935396     
   1.37701515767860     
   1.46209978321784     
   1.54280459621018     
   1.55581426851038     
   2.36276752216595     
   2.39257789781574     
   2.59957320734215     
   2.66273548129829     
   2.84060159744967     
   5.55529243732419     
   5.90000350146339     
   6.05523722260722     
   6.67645343936084     
   6.75099424005302     
   8.61230667725576     
   12.6005634900785     
   14.9535660558509     
   18.2630332523238     
  -10.9079192637202     
  -10.3230919571212     
   1.19082087681025     
   1.34197895297654     
   1.35298680413426     
   1.40525920462663     
   1.52382135374884     
   1.53127187723177     
   2.37672678211427     
   2.40272177813127     
   2.59416623910781     
   2.62944085426985     
   3.06166044542412     
   5.58270398927830     
   5.92460230852311     
   5.93334117141572     
   6.63414235066220     
   6.71954801670823     
   8.81051522023727     
   12.4364470622314     
   15.0830641449551     
   18.2911172920024     
  -10.8416523944694     
  -10.3940266372182     
   1.14398566463449     
   1.21813963568037     
   1.35634312200016     
   1.37593889635596     
   1.48513082048852     
   1.50029022953597     
   2.41337098703523     
   2.43059612698932     
   2.57763678603206     
   2.59728805451182     
   3.52441059010554     
   5.51780038079440     
   5.75832754394577     
   6.02788966708825     
   6.50577849321926     
   6.62948087356877     
   9.31323536268836     
   12.0006559366190     
   15.4434147061618     
   18.2948098461763     
  -10.7413056011042     
  -10.4990487372285     
   1.08584731928270     
   1.10530291411668     
   1.38152223888851     
   1.38332465846891     
   1.44514335311554     
   1.45889937357184     
   2.46279466746122     
   2.46981039685936     
   2.54963202879345     
   2.56068033946080     
   4.06928760627572     
   5.11162629361349     
   5.89251261015798     
   6.16820615444327     
   6.31246380137997     
   6.49374029166869     
   9.97504602592032     
   11.3921575785085     
   16.0048075127323     
   17.6670702159917     
  -10.6211563952599     
  -10.6211385296888     
   1.06318809865345     
   1.06319191220095     
   1.40864578914133     
   1.40864750824162     
   1.41690669928314     
   1.41690782051012     
   2.51201082086712     
   2.51201661516735     
   2.51462303603880     
   2.51462851692604     
   4.61377950502269     
   4.61378489286306     
   6.09435232478869     
   6.09436040815412     
   6.33193090986715     
   6.33194234304429     
   10.6932939383128     
   10.6932961496577     
   16.7600209752961     
   16.7600239386766     
  -10.7244237347691     
  -10.2186384946150     
   1.06175988317733     
   1.38202894266248     
   1.43793132110048     
   1.56098631713207     
   1.72402920736387     
   1.86951052161901     
   2.29235923479707     
   2.41633130131729     
   2.61268078918649     
   2.78180301110809     
   2.89086613511822     
   4.42751728963060     
   5.16145774561653     
   5.42347794411519     
   6.36921455208653     
   6.47895064076429     
   10.0521397721778     
   13.7617239278355     
   14.9318003621860     
   16.4207723769350     
  -10.7053274851867     
  -10.2379200430853     
   1.04547404586260     
   1.33338193342498     
   1.44576784699049     
   1.54610713490823     
   1.70930633746667     
   1.77566234945157     
   2.32004552444715     
   2.42444291903089     
   2.60559984818134     
   2.70545492213138     
   3.16142787413977     
   4.47453345544002     
   5.10544758004073     
   5.46611877463937     
   6.34976168805556     
   6.44044642634846     
   10.1464113734287     
   13.5065085820267     
   15.0875143352991     
   16.4620244994404     
  -10.6508479934050     
  -10.2928941286103     
   1.00550821186316     
   1.19671062783465     
   1.46911295950101     
   1.52298832574862     
   1.65835683952283     
   1.66949649255687     
   2.37943942666851     
   2.44700838266354     
   2.58544274113482     
   2.65062555676631     
   3.60135916175634     
   4.57957990657825     
   5.02118015175570     
   5.58602437299047     
   6.23869058859102     
   6.33014472534815     
   10.4387373174968     
   12.9384192650569     
   15.4103768235832     
   16.5428109465376     
  -10.5690435088393     
  -10.3752066177481     
  0.970198702759155     
   1.05545534391383     
   1.50740873615945     
   1.52031112830884     
   1.58754703897886     
   1.61508951651179     
   2.45217642872053     
   2.48007044688358     
   2.55478441413372     
   2.59367160455739     
   4.00665108138398     
   4.53231276259260     
   5.18718602076611     
   5.76181593038408     
   5.97403805734595     
   6.16373974105021     
   10.9248821690788     
   12.2539156427065     
   15.8029334300909     
   16.5062477454827     
  -10.4722480776906     
  -10.4722300112062     
  0.977891921402934     
  0.977893617915952     
   1.54266935345874     
   1.54267366020673     
   1.55788817357020     
   1.55788981021044     
   2.51787238740915     
   2.51787793927218     
   2.52632246710846     
   2.52632681401510     
   4.31376874519718     
   4.31377108181002     
   5.58259977145780     
   5.58260262437123     
   5.96466038662609     
   5.96467148863591     
   11.5552896614411     
   11.5552932686261     
   16.2145902393443     
   16.2145965729660     
  -10.4865605815704     
  -10.1604616914732     
   1.02994544007011     
   1.34149329687693     
   1.51289440022569     
   1.76972710448223     
   1.94359348987481     
   1.99754283353423     
   2.37042691370194     
   2.49838352183634     
   2.62805941653639     
   2.81304487684178     
   3.06559102668693     
   3.57865473045489     
   4.39518099453516     
   4.91925243764620     
   5.90463924215524     
   6.18509604083655     
   11.5268501914883     
   14.3635392531320     
   14.5061164131474     
   15.3535806346544     
  -10.4734398777174     
  -10.1720159170700     
   1.01014485458438     
   1.28896815300031     
   1.52558731489500     
   1.75246219468750     
   1.92250044766171     
   1.93677916069515     
   2.38281043935003     
   2.50214627555503     
   2.62056732828556     
   2.77461358246370     
   3.16103648306589     
   3.67944913911293     
   4.41159953209811     
   4.97331174870393     
   5.93411630263200     
   6.14002885075073     
   11.5348583820305     
   13.9561468240288     
   14.8260573014710     
   15.3742011940569     
  -10.4363351469233     
  -10.2053657078342     
  0.963670324138597     
   1.15587514559545     
   1.56294565594370     
   1.72113991931345     
   1.83811977215020     
   1.86493894369543     
   2.43181152741952     
   2.51312178030985     
   2.60137258988285     
   2.71395127844886     
   3.30836220262831     
   3.79241070813959     
   4.60915638954727     
   5.12297033496652     
   5.95055796770007     
   6.01115685135150     
   11.6070199651208     
   13.4067236518023     
   15.1177437694128     
   15.4295126474135     
  -10.3815451874143     
  -10.2564002586082     
  0.925537558572047     
   1.01720982672810     
   1.62273783504816     
   1.70831069798946     
   1.76726617930391     
   1.78511240599906     
   2.50215520217967     
   2.53037152646065     
   2.57698249731375     
   2.64795398109958     
   3.45445731780058     
   3.73134899853039     
   5.04930760609197     
   5.33774031344917     
   5.81594340992424     
   5.82588205520023     
   11.8360704217033     
   12.8139086152648     
   15.3138446110792     
   15.4724180356114     
  -10.3182083004916     
  -10.3181900211141     
  0.935828163795602     
  0.935831507410460     
   1.69981922005891     
   1.69982172277672     
   1.72423266352107     
   1.72423880983209     
   2.55234556705993     
   2.55235098361136     
   2.57663558974206     
   2.57663803309631     
   3.60001248075156     
   3.60001589914788     
   5.50621956643289     
   5.50622775903260     
   5.58072120505809     
   5.58073218031088     
   12.2575864155139     
   12.2575909164733     
   15.4331630735851     
   15.4331691315772     
  -10.3644979106818     
  -10.1567221215228     
   1.09292760852770     
   1.30506158623470     
   1.53483230199100     
   1.91394654215369     
   1.93054788410064     
   2.04827991416419     
   2.43311611963828     
   2.55835135574072     
   2.63766468982599     
   2.70832277415589     
   3.17330288775751     
   3.40339537542046     
   4.11604193596366     
   4.69045525329065     
   5.61325250183350     
   6.05582440478921     
   12.5228126621966     
   13.6959490036757     
   14.3997124963199     
   15.1890968626520     
  -10.3555049480850     
  -10.1634364235949     
   1.06726925928241     
   1.24725634068739     
   1.54976977064733     
   1.90139810886769     
   1.90435457550077     
   2.02303077254627     
   2.47146548136874     
   2.55969259154806     
   2.63005104147861     
   2.70820735816788     
   3.14753585533051     
   3.37269741065464     
   4.28340982865620     
   4.75103062506547     
   5.66702849656886     
   6.00817948618493     
   12.4265848538260     
   13.5993831969624     
   14.5109176244561     
   15.2165953316972     
  -10.3303337374106     
  -10.1831086880494     
   1.00548215471930     
   1.11608382253101     
   1.59391872915882     
   1.86345553168849     
   1.87320476986839     
   1.95377116442164     
   2.54657994859140     
   2.56375015638927     
   2.61280777197476     
   2.70512715144453     
   3.11728092888383     
   3.30132168528265     
   4.67994074462314     
   4.91693724251624     
   5.75710486293614     
   5.87146658686863     
   12.2782285384404     
   13.3212388311585     
   14.7397281717857     
   15.2577095928863     
  -10.2938593719477     
  -10.2140667662525     
  0.946645436855739     
  0.993772791402795     
   1.66462852189355     
   1.83880691667225     
   1.84691059906129     
   1.85795957263153     
   2.57068208465919     
   2.59506611311559     
   2.61579274660397     
   2.69305298911153     
   3.12056508724566     
   3.22309536957621     
   5.14007710723666     
   5.15124493589140     
   5.66402410123387     
   5.74078440552584     
   12.2847770116761     
   12.9194658526356     
   14.9591714942162     
   15.2348450589309     
  -10.2528300177774     
  -10.2528116466788     
  0.934315824188663     
  0.934320034144714     
   1.75607446515456     
   1.75607745867413     
   1.83387669076514     
   1.83388449105884     
   2.58092698788663     
   2.58093246948805     
   2.66496498626984     
   2.66496913114322     
   3.15879875066806     
   3.15880507281882     
   5.41294441717611     
   5.41295543666455     
   5.52749934912331     
   5.52750912257733     
   12.5232164399018     
   12.5232212097194     
   15.1284862990650     
   15.1284915223095     
  -10.7874033685878     
  -10.2406232219938     
   1.13571308652568     
   1.33398350112243     
   1.44472732564225     
   1.48738068186935     
   1.67747942285467     
   1.77937610711402     
   2.32032565357977     
   2.39352654008439     
   2.60722369615897     
   2.78567490690665     
   2.83647358858016     
   4.90370271774509     
   5.13724536205363     
   5.65764776150284     
   6.48069467231448     
   6.49691144363090     
   9.68538943116862     
   13.4970998528953     
   14.9793628741396     
   17.0031683810344     
  -10.7669866755823     
  -10.2617311755422     
   1.11760658883775     
   1.30725553366792     
   1.43947656971544     
   1.46454953662465     
   1.66440741142689     
   1.69854289186946     
   2.33931273830676     
   2.40733923597235     
   2.60066701036957     
   2.69134844441230     
   3.12646578506437     
   4.95327518924600     
   5.11174809202400     
   5.64451884130168     
   6.45346183858487     
   6.45855678428851     
   9.80389746089360     
   13.2728536917382     
   15.1210998455647     
   17.0340242178473     
  -10.7086621747349     
  -10.3217804417666     
   1.07066950712872     
   1.19637274625594     
   1.43354025719246     
   1.44422735257379     
   1.60284280068315     
   1.62960686972761     
   2.38898201568995     
   2.43611874506147     
   2.58137368028101     
   2.63859688397828     
   3.59251094114906     
   4.99573083942227     
   5.10521321500107     
   5.67715785442743     
   6.32914130391154     
   6.34950536312972     
   10.1523681778565     
   12.7386643319853     
   15.4593236889636     
   17.0843208771313     
  -10.6208268969880     
  -10.4113593483328     
   1.02246122052595     
   1.07163569121507     
   1.43918395648040     
   1.45248135579086     
   1.55320094839710     
   1.58506272332968     
   2.45471687139749     
   2.47293907802234     
   2.55130003661468     
   2.58609223490579     
   4.06865859283873     
   4.77385821330386     
   5.36407467325930     
   5.79890397139042     
   6.07611736843780     
   6.18743591047298     
   10.6933819344747     
   12.0659410947175     
   15.9258756295496     
   16.9590366343166     
  -10.5164712304814     
  -10.5164532585287     
   1.01258961533661     
   1.01259056157912     
   1.45285229894256     
   1.45285426731662     
   1.54936124568315     
   1.54936377164897     
   2.51144859795006     
   2.51145296097325     
   2.52542546811634     
   2.52542902301649     
   4.46712845437375     
   4.46713149136932     
   5.70272731056850     
   5.70273061422423     
   6.00382510412808     
   6.00383514702913     
   11.3573636405434     
   11.3573664371162     
   16.4830666088392     
   16.4830712145573     
  -10.5629311831094     
  -10.1729609338079     
   1.10114201936261     
   1.34274965349760     
   1.49524750336086     
   1.64875281644963     
   1.88481309129310     
   2.01458061955252     
   2.29158534554253     
   2.43991716487922     
   2.62320260300833     
   2.80169234437688     
   3.06669088254184     
   3.98533790148229     
   4.53111808423600     
   4.91292943144611     
   6.08388731856104     
   6.12872423764535     
   11.1365923827129     
   14.3155166164333     
   15.1115838311528     
   15.7277393468448     
  -10.5476529191151     
  -10.1872163116678     
   1.08078252555956     
   1.30924041568447     
   1.49446430830779     
   1.63474638734297     
   1.86561468739612     
   1.90436084488406     
   2.31567217876846     
   2.46426508642230     
   2.61654794234536     
   2.76307256776176     
   3.24379743726063     
   4.05896894266730     
   4.53456306382815     
   4.93606161912138     
   6.05683438421083     
   6.12057547994340     
   11.1867757752713     
   14.0576094961451     
   15.2130690153468     
   15.7704083033916     
  -10.5042766995093     
  -10.2281374443325     
   1.03168492230371     
   1.20051370691157     
   1.50677464188837     
   1.60671307979927     
   1.76230583768524     
   1.81625245102225     
   2.38068186272514     
   2.49242089768835     
   2.59926109976949     
   2.70628660267523     
   3.52616497107825     
   4.17122905438749     
   4.64763309248216     
   5.04413189198938     
   5.92421440466647     
   6.09097312229756     
   11.3632538176557     
   13.5004428497625     
   15.4021095244909     
   15.8634832854460     
  -10.4397850829330     
  -10.2901947884292     
  0.988670482070363     
   1.07004082515262     
   1.53658706794827     
   1.58883831923849     
   1.69588947184900     
   1.75171946070276     
   2.46260961089413     
   2.51621938193873     
   2.57767034154650     
   2.63956671405334     
   3.75309474396438     
   4.09762893107194     
   5.03500259739733     
   5.24448413058868     
   5.72260503780130     
   5.92450447743367     
   11.7097021365483     
   12.8521275232741     
   15.6197859823873     
   15.9137850047678     
  -10.3644989480269     
  -10.3644807707112     
  0.993470290081610     
  0.993472432792480     
   1.56891754100932     
   1.56892029315778     
   1.69902220588189     
   1.69902568096044     
   2.52661073835940     
   2.52661268584202     
   2.57473514957710     
   2.57473612567082     
   3.94006065604096     
   3.94006270353198     
   5.38837687887924     
   5.38838359269343     
   5.62997880497947     
   5.62998464370823     
   12.2256590637536     
   12.2256630488722     
   15.8216324643747     
   15.8216381252704     
  -10.3694528511398     
  -10.1540395022903     
   1.14467485248519     
   1.42802445306809     
   1.51945776410475     
   1.81767522440480     
   1.98217125914891     
   2.07050318715280     
   2.40413548141287     
   2.48206908446913     
   2.64901024945276     
   2.79384359170137     
   3.08152857328973     
   3.57049761588295     
   4.09856884591127     
   4.50292034950278     
   5.59069966091663     
   5.86620464077914     
   12.5561287224357     
   14.3523813452071     
   14.4737838488793     
   15.2494845531330     
  -10.3601901477568     
  -10.1610667781674     
   1.12386914919458     
   1.36818322504541     
   1.52408643169225     
   1.80507690969519     
   1.95413169506170     
   2.03096678163561     
   2.41651011282949     
   2.50705775181815     
   2.64593081269820     
   2.79611226278035     
   3.07794559668201     
   3.57715833097351     
   4.19634810454359     
   4.59299363525155     
   5.62578888262750     
   5.83042495378607     
   12.5222950579388     
   14.1072940397047     
   14.6815660782058     
   15.2788617896284     
  -10.3342382550332     
  -10.1816231880900     
   1.07074593974796     
   1.22632423436668     
   1.55010615860529     
   1.78023471511777     
   1.89923773620897     
   1.94595633714092     
   2.46012714026264     
   2.53493599485690     
   2.64504814326840     
   2.78055617827291     
   3.11425212106759     
   3.52559191120096     
   4.45724776768920     
   4.85980750640637     
   5.57959906134029     
   5.81466206164803     
   12.4883403782068     
   13.7379681046861     
   14.9109040919056     
   15.3340762905506     
  -10.2965866221679     
  -10.2138746708979     
   1.02003068643582     
   1.08979641415799     
   1.60473940488634     
   1.74701289278327     
   1.85499472801177     
   1.86404952213558     
   2.50679484325432     
   2.54391298684582     
   2.66027371036626     
   2.74124752087517     
   3.20092249431013     
   3.42395397903827     
   4.76277601264805     
   5.21633464071456     
   5.38947635300989     
   5.79124929787688     
   12.5820152766263     
   13.2944662619594     
   15.1019921128868     
   15.3360597514447     
  -10.2541278639047     
  -10.2541095170217     
   1.01748915560642     
   1.01749287562796     
   1.68038000817931     
   1.68038254663596     
   1.83628828302881     
   1.83629206698908     
   2.53505433017031     
   2.53505806526170     
   2.69594589848876     
   2.69594862033222     
   3.30994764464712     
   3.30995214621746     
   5.06462937062296     
   5.06463779211993     
   5.60456574033266     
   5.60457353955968     
   12.8681760945563     
   12.8681809361259     
   15.2489273427247     
   15.2489326748703     
  -10.3742585900824     
  -10.1514953976202     
   1.26424414349822     
   1.37543041114129     
   1.64114783130355     
   1.71185721716781     
   2.04497723474553     
   2.16418152917669     
   2.28509008296390     
   2.41327528260735     
   2.65224853528345     
   2.89245141411671     
   3.01877296968023     
   3.73466243071995     
   4.08184276222996     
   4.25997920594701     
   5.59498197853210     
   5.66701578900002     
   12.6215020824675     
   14.4662017527479     
   15.2808280979813     
   15.2877027161562     
  -10.3647483307899     
  -10.1588322493615     
   1.26197347089223     
   1.33008660918294     
   1.64110548060857     
   1.67753045386590     
   2.01492695710257     
   2.03456466869863     
   2.31702974008199     
   2.47908860733614     
   2.65028486454221     
   2.88348135953559     
   3.07701345880972     
   3.75664877064518     
   4.08780870411590     
   4.40055590565438     
   5.53521152952216     
   5.71887059764629     
   12.6386755252176     
   14.3615368690685     
   15.3029651292373     
   15.3208454537676     
  -10.3380503579313     
  -10.1802328538998     
   1.23208424904816     
   1.23761529627932     
   1.59301339016050     
   1.63785104850777     
   1.90139055812408     
   1.94080069760604     
   2.38974070468330     
   2.52313006632234     
   2.65265963441596     
   2.83839667198969     
   3.21544142646532     
   3.73442140713770     
   4.19793473168768     
   4.74471011288869     
   5.37847212227228     
   5.80766620116307     
   12.7143676229862     
   14.0715698519968     
   15.3657265852015     
   15.4066048484719     
  -10.2992669960333     
  -10.2137369529475     
   1.14781532072653     
   1.17133850991591     
   1.55839535236743     
   1.62266255795730     
   1.84305548611028     
   1.86485628453457     
   2.46287879109758     
   2.52955572826691     
   2.67195163519213     
   2.77604412775092     
   3.36353707427415     
   3.63282114620164     
   4.44034519414440     
   4.96558162173468     
   5.33296820336828     
   5.80332537652155     
   12.9025490255841     
   13.6599307252454     
   15.4547167667337     
   15.5038614941187     
  -10.2554096994999     
  -10.2553914059831     
   1.12441707931194     
   1.12441893991376     
   1.58752005332487     
   1.58752064579461     
   1.82976089730426     
   1.82976295598653     
   2.51076908910516     
   2.51077116098911     
   2.71536480864613     
   2.71536673726726     
   3.50367778371734     
   3.50368119189329     
   4.73210887899802     
   4.73211647984279     
   5.62413948239598     
   5.62414765818882     
   13.2332689266471     
   13.2332731475805     
   15.5265109858511     
   15.5265157291989     
  -10.2630039562688     
  -10.1748164896604     
   1.24640076136582     
   1.56090543809964     
   1.72425989792864     
   1.85907200303481     
   2.10190939127936     
   2.16776145653473     
   2.36890620106860     
   2.44281027756831     
   2.60694622187377     
   2.63137737798936     
   3.26717693496481     
   3.39441197485315     
   3.49922695442817     
   4.72439629038206     
   5.17545230032244     
   5.40623487477608     
   13.7960069655691     
   14.5115182465082     
   14.5409281942132     
   15.1296967672772     
  -10.2583548432802     
  -10.1768228120867     
   1.25270881903097     
   1.52877900488569     
   1.63104984184218     
   1.84577555737874     
   2.06595473757263     
   2.11924030211754     
   2.38952110989951     
   2.45738952527297     
   2.64004573913020     
   2.67452646488492     
   3.23262595917481     
   3.46648615722758     
   3.50765448718884     
   4.84168513674224     
   5.17536487045530     
   5.41862055835618     
   13.7686225802888     
   14.5152907147247     
   14.5808728946215     
   15.1634678098557     
  -10.2456407646349     
  -10.1831504726043     
   1.25620205841868     
   1.45058901784539     
   1.47198105595961     
   1.78384057639706     
   2.01213510104916     
   2.03690351004978     
   2.41399164620471     
   2.46610584627288     
   2.71908476685016     
   2.77173675640135     
   3.18948094330870     
   3.38944512503702     
   3.75655291617595     
   5.02766085283391     
   5.12769392901648     
   5.54918531856586     
   13.7424466160682     
   14.4236534191195     
   14.7419567933335     
   15.2631563524316     
  -10.2281303788506     
  -10.1942581707298     
   1.22860130888353     
   1.29738536395984     
   1.48184338327712     
   1.67523713929136     
   1.98098621855241     
   1.98894455660351     
   2.43183669321516     
   2.46023694327814     
   2.79922144083147     
   2.84697612352088     
   3.17697614406200     
   3.30018155988965     
   4.07307836365440     
   4.75099182180486     
   5.44137300811305     
   5.67341487889506     
   13.8044980407203     
   14.2384284836840     
   14.9398828623244     
   15.3569180199758     
  -10.2098708900409     
  -10.2098524866912     
   1.22329728388126     
   1.22329942524086     
   1.56253099281319     
   1.56253440890735     
   1.97347424863863     
   1.97347601521429     
   2.44750226875655     
   2.44750696891374     
   2.85160145716391     
   2.85160473083703     
   3.22009026768447     
   3.22009635488296     
   4.41733753680224     
   4.41734517677300     
   5.64770812294505     
   5.64771743758986     
   13.9918701472574     
   13.9918757762160     
   15.1710085346317     
   15.1710137479770     
